sprite1,2,0,50,61
sprite2,53,0,51,60
sprite3,105,0,51,60
sprite4,157,0,101,60
sprite5,262,0,50,62
sprite6,314,0,50,61
sprite7,368,0,50,61
sprite8,419,0,49,61
sprite9,472,0,48,60
sprite10,521,0,49,61
sprite11,572,0,48,62
sprite12,621,0,50,60
sprite13,312,62,49,62
sprite14,3,63,48,61
sprite15,52,63,50,61
sprite16,105,63,49,61
sprite17,158,63,48,61
sprite18,209,63,48,60
sprite19,262,63,47,60
sprite20,364,63,48,59
sprite21,415,63,49,60
sprite22,467,63,49,60
sprite23,518,63,49,60
sprite24,569,63,49,60
sprite25,621,63,50,61
sprite26,260,80,1,2
sprite27,239,133,81,120
sprite28,453,141,85,115
sprite29,346,143,2,1
sprite30,355,143,75,110
sprite31,577,147,75,101
sprite32,129,150,76,98
sprite33,19,154,74,95
sprite34,14,253,76,118
sprite35,353,258,74,113
sprite36,241,259,74,112
sprite37,130,260,74,111